Species/Genus	logn50	logcontigcount	logl50	logtotlen	logcoverage	GCcontent	Busco	logcds_genes	logtrna_genes
Acetatifactor sp.	4.3715	2.2735	1.6015	6.4735	0.9865	0.473	92.49	1.485	1.603
Acetobacter pasteurianus	4.794	2.327	1.0965	6.485	2.481	0.5275	77.646	2.307	1.928
Acetobacter tropicalis	4.9805	2.207	1.079	6.5725	2.2305	0.555	98.417	2.458	1.63
Acholeplasma laidlawii	5.578	1.079	0.301	6.173	1.574	0.318	92.97	1.225	0.737
Acholeplasmataceae bacterium	4.1465	2.1885	1.421	6.132	2.1925	0.346	79.647	3.803	0.609
Achromobacter ruhlandii	5.132	1.954	1.176	6.818	2.1	0.677	77.749	1.538	1.927
Achromobacter xylosoxidans	4.811	2.262	1.431	6.814	1.978	0.677	93.724	2.212	1.242
Acidiferrobacteraceae bacterium	4.4	2	1.38	6.334	-1	0.528	91.744	2.812	1.178
Acidilobales archaeon	3.574	2.35	1.845	6.029	0.867	0.376	88.941	1.552	0.502
Acidimicrobiaceae bacterium	4.558	1.839	1.204	6.283	-1	0.533	95.359	3.271	2.076
Acidimicrobiales bacterium	3.995	2.546	1.955	6.448	1.1955	0.636	99.272	2.32	0.81
Acidimicrobiia bacterium	3.7585	2.615	2.027	6.3285	1	0.623	98.126	1.6	1.749
Acidithiobacillus thiooxidans	4.5125	2.5145	1.591	6.5825	1.91	0.531	99.037	2.614	0.715
Acidobacteria bacterium	4.1605	2.319	1.6945	6.483	1	0.62	92.969	3.255	0.31
Acidobacteriaceae bacterium	4.373	2.504	1.806	6.583	0.918	0.596	89.242	1.527	0.533
Acinetobacter baumannii	4.999	2.072	1.114	6.599	2.024	0.39	80.783	3.044	1.985
Acinetobacter bereziniae	4.828	2.3085	1.29	6.66	1.6425	0.3795	87.699	2.314	1.721
Acinetobacter calcoaceticus	5.566	1.5375	0.477	6.5915	1.7985	0.386	93.711	1.314	0.343
Acinetobacter haemolyticus	4.65	2.26	1.398	6.539	1.908	0.395	80.234	3.215	1.789
Acinetobacter indicus	4.9755	1.9565	0.977	6.48	1.977	0.457	96.309	3.293	1.168
Acinetobacter johnsonii	4.849	2.139	1.176	6.5565	1.839	0.414	78.854	1.997	1.632
Acinetobacter junii	4.66	2.354	1.38	6.529	1.898	0.387	98.155	3.501	1.413
Acinetobacter lactucae	4.969	2.09	1.176	6.587	1.776	0.388	92.332	3.823	0.597
Acinetobacter nosocomialis	4.931	2.083	1.204	6.6	1.851	0.387	98.573	2.129	1.28
Acinetobacter oleivorans	5.127	2.427	0.954	6.615	1.908	0.388	90.377	3.092	1.944
Acinetobacter pittii	4.946	2.134	1.176	6.601	1.806	0.388	99.368	2.986	1.335
Acinetobacter radioresistens	4.994	2.009	1	6.51	1.813	0.415	90.513	3.266	1.355
Acinetobacter seifertii	4.693	2.324	1.38	6.597	1.795	0.386	85.341	1.593	1.021
Acinetobacter soli	4.958	2.117	1.1275	6.5405	1.836	0.4285	81.572	2.273	2.078
Acinetobacter sp.	4.485	2.2145	1.4905	6.5365	0	0.406	79.546	2.772	0.622
Acinetobacter ursingii	4.916	2.188	1.114	6.544	1.653	0.401	80.653	2.373	1.661
Actinobacillus pleuropneumoniae	4.927	1.728	0.954	6.355	1.836	0.412	91.039	2.968	1.32
Actinobacteria bacterium	3.9175	2.258	1.643	6.12	1	0.516	81.623	1.678	0.786
Actinomycetales bacterium	4.012	2.459	1.839	6.377	1.764	0.697	88.56	3.113	1.361
Aerococcus urinae	5	1.736	0.845	6.289	1.708	0.4245	89.227	1.346	0.549
Aeromonas caviae	4.876	2.334	1.301	6.652	2	0.614	85.358	1.458	2.161
Aeromonas hydrophila	5.233	1.875	1.041	6.696	1.924	0.611	91.635	3.375	1.694
Aeromonas salmonicida	5.008	2.086	1.176	6.682	1.822	0.584	95.33	1.105	1.059
Aeromonas veronii	5.274	1.806	0.954	6.67	1.851	0.586	80.747	2.712	1.461
Agathobacter sp.	4.622	2.093	1.301	6.424	1.18	0.425	89.525	3.145	1.613
Aggregatibacter actinomycetemcomitans	4.8835	1.8415	0.977	6.3215	1.987	0.444	93.163	2.03	1.947
Aggregatibacter aphrophilus	5.6035	1.519	0.389	6.3675	1.525	0.423	85.28	1.136	0.401
Agrobacterium rhizogenes	5.726	1.6855	0.602	6.848	1.854	0.599	87.202	3.491	1.611
Agrobacterium tumefaciens	5.6685	1.531	0.602	6.751	1.9495	0.5925	96.345	3.264	0.325
Agrobacterium vitis	5.574	1.848	0.778	6.7755	1.874	0.576	88.268	3.314	1.773
Akkermansia muciniphila	5.336	1.462	0.699	6.443	1.916	0.557	88.826	3.12	1.744
Akkermansiaceae bacterium	4.144	2.778	2.061	6.668	0	0.588	98.579	1.476	0.506
Alcaligenaceae bacterium	4.461	2.196	1.505	6.446	2.237	0.531	78.101	3.608	2.115
Alcaligenes faecalis	5.542	1.491	0.602	6.636	2.255	0.568	78.35	2.979	1.901
Alcanivorax sp.	4.682	1.978	1.342	6.552	-1	0.626	96.309	3.495	1.304
Aliivibrio finisterrensis	5.036	2.111	1.114	6.626	2.158	0.389	98.495	3.69	2.188
Aliivibrio fischeri	5.302	1.857	0.903	6.632	2	0.382	91.764	1.573	1.107
Alkalihalobacillus clausii	5.147	1.968	1	6.632	2.1005	0.446	91.918	1.669	1.518
Alphaproteobacteria bacterium	3.973	2.321	1.6945	6.255	1	0.5655	87.984	1.099	2.215
Alteromonadaceae bacterium	4.922	1.875	1.176	6.638	-1	0.488	83.557	1.107	2.215
Alteromonas macleodii	5.672	1.643	0.477	6.683	2	0.446	99.479	3.316	0.676
Alteromonas sp.	4.42	2.097	1.568	6.509	-1	0.448	95.817	1.292	0.749
Anaerolineaceae bacterium	4.4	2.238	1.602	6.474	1.163	0.525	91.125	1.85	1.155
Anaerolineae bacterium	3.86	2.669	2.093	6.481	1.176	0.594	98.682	2.359	1.241
Anaerolineales bacterium	4.047	2.534	2.049	6.454	1.041	0.525	94.562	2.806	2.053
Anaerostipes hadrus	4.863	2.0775	1.204	6.4795	2	0.37	98.919	2.531	2.27
Anaplasma marginale	4.659	1.771	1	6.068	1.763	0.498	82.741	2.316	2.212
Anaplasma phagocytophilum	4.259	2.281	1.362	6.194	1.778	0.419	79.931	1.639	2.335
Aphanizomenon flos-aquae	4.766	2.19	1.431	6.638	1.699	0.371	88.753	1.123	1.249
Aphanomyces astaci	3.915	4.103	3.2365	7.729	1.301	0.498	79.522	2.506	1.991
Aquificae bacterium	3.988	2.173	1.623	6.074	1.699	0.465	99.567	1.891	1.186
Arabidopsis thaliana	4.0775	2.193	1.672	6.2455	1.505	0.3695	99.027	3.558	0.757
Arcobacter butzleri	4.8675	1.872	1	6.3525	1.72	0.269	93.195	1.685	0.752
Arcobacter cryaerophilus	5.066	1.839	0.845	6.319	1.875	0.274	83.513	3.72	1.349
Arcobacter skirrowii	5.12	1.568	0.602	6.287	2.0555	0.277	99.132	2.068	1.774
Arcobacter sp.	4.351	2.157	1.471	6.4085	0.8735	0.2825	98.551	2.869	2.331
Armatimonadetes bacterium	4.201	2.377	1.732	6.451	1.256	0.604	79.342	3.779	0.552
Aspergillus flavus	5.102	2.938	1.954	7.567	1.653	0.483	80.498	1.897	0.739
Aspergillus niger	5.65	2.549	1.392	7.5455	1.658	0.5005	86.241	2.436	1.294
Aspergillus oryzae	5.56	2.353	1.468	7.562	1.755	0.483	81.808	3.33	1.96
Aureobasidium pullulans	4.713	3.019	2.2055	7.447	1.653	0.506	89.152	1.455	1.225
Avibacterium paragallinarum	4.9065	1.9165	0.972	6.399	2	0.41	92.83	3.495	1.472
Azospirillum brasilense	4.944	2.471	1.342	6.847	1.362	0.684	96.843	3.82	1.257
Bacilli bacterium	4.5025	1.954	1.161	6.103	1.439	0.292	99.053	3.909	2.31
Bacillus altitudinis	5.314	1.732	0.778	6.573	2	0.412	91.808	1.016	1.187
Bacillus amyloliquefaciens	5.54	1.633	0.602	6.596	2.23	0.464	81.021	2.133	2.308
Bacillus anthracis	5.4985	1.778	0.778	6.7355	2.167	0.351	79.112	2.326	1.733
Bacillus aryabhattai	5.5675	1.857	0.699	6.711	1.85	0.378	91.635	2.606	1.034
Bacillus atrophaeus	5.312	1.505	0.778	6.616	1.623	0.431	95.614	2.648	0.43
Bacillus cereus	5.126	2.117	1.079	6.75	1.726	0.351	82.514	3.097	1.406
Bacillus circulans	5.05	2.086	1.146	6.707	2.007	0.355	86.68	2.152	0.571
Bacillus coagulans	4.694	2.23	1.38	6.535	2	0.464	93.648	2.326	0.748
Bacillus cytotoxicus	5.371	1.724	0.602	6.613	1.699	0.356	94.752	3.458	2.313
Bacillus halotolerans	5.595	1.716	0.699	6.613	1.716	0.437	81.845	2.992	1.56
Bacillus licheniformis	5.337	1.839	0.778	6.629	2.0085	0.4595	90.556	1.821	0.619
Bacillus megaterium	5.688	1.8225	0.6505	6.736	2	0.378	93.536	2.669	0.711
Bacillus mycoides	5.302	2.053	0.903	6.754	1.968	0.352	82.529	3.143	2.144
Bacillus paralicheniformis	5.594	1.591	0.699	6.642	1.977	0.459	87.106	3.621	0.861
Bacillus pumilus	5.519	1.7595	0.699	6.563	2	0.412	92.14	1.831	1.902
Bacillus safensis	5.6845	1.6735	0.477	6.571	2.0635	0.416	85.43	1.008	0.552
Bacillus stratosphericus	5.293	1.756	0.778	6.568	2.167	0.413	91.222	3.846	0.723
Bacillus subtilis	5.801	1.556	0.477	6.612	2	0.437	99.12	3.275	0.923
Bacillus thuringiensis	5.189	2.332	1.041	6.783	2.079	0.35	97.299	1.504	0.532
Bacillus toyonensis	5.305	1.886	0.903	6.765	1.863	0.35	93.733	1.177	1.939
Bacillus velezensis	5.674	1.556	0.477	6.594	2	0.464	97.49	2.111	1.324
Bacillus wiedmannii	5.315	1.857	0.845	6.745	2.057	0.352	95.904	2.12	1.508
Bacteriodetes bacterium	4.192	2.097	1.491	6.245	1	0.393	93.179	1.113	2.084
Bacteroidaceae bacterium	4.387	2.375	1.556	6.439	1.447	0.45	90.648	3.256	0.827
Bacteroidales bacterium	4.217	2.339	1.653	6.369	1.317	0.4765	84.691	3.756	1.779
Bacteroides acidifaciens	4.69	2.3625	1.475	6.702	2.301	0.431	91.035	3.321	1.636
Bacteroides caccae	5.2915	1.886	0.954	6.733	2.0135	0.425	92.422	3.408	1.167
Bacteroides finegoldii	5.0185	2.112	1.161	6.7095	2.2895	0.429	98.435	3.451	2.317
Bacteroides fragilis	5.2865	1.9265	0.954	6.721	1.954	0.433	94.174	1.267	1.903
Bacteroides ovatus	5.315	1.9415	0.9975	6.827	2.094	0.418	78.175	1.689	0.942
Bacteroides salyersiae	5.282	1.806	1	6.766	1.72	0.417	99.195	3.279	1.432
Bacteroides sp.	4.855	1.653	1	6.321	1.636	0.51	94.7	3.252	1.692
Bacteroides stercoris	4.9405	2.035	1.176	6.6155	2.01	0.46	93.423	2.104	2.232
Bacteroides thetaiotaomicron	5.259	1.982	1.079	6.81	1.966	0.427	91.998	3.822	1.71
Bacteroides uniformis	4.9455	2.117	1.23	6.6975	1.729	0.463	86.154	2.219	1.471
Bacteroides xylanisolvens	4.75	2.373	1.519	6.804	1.795	0.424	83.964	3.601	0.76
Bacteroidetes bacterium	3.971	2.56	1.924	6.416	1.097	0.43	99.267	2.076	2.129
Bacteroidia bacterium	3.8515	2.518	1.84	6.3575	1	0.4245	88.83	1.306	0.489
Balneola sp.	5.3165	1.423	0.6505	6.538	-1	0.3895	91.165	2.31	0.966
Balneolaceae bacterium	3.974	2.549	1.911	6.4545	1.354	0.4405	95.709	2.673	0.366
Balneolales bacterium	3.969	2.496	1.908	6.412	1.438	0.511	90.568	1.905	0.709
Balneolia bacterium	3.9465	2.585	1.959	6.438	1.13	0.4945	94.929	3.588	0.505
Barnesiella sp.	4.818	1.591	0.954	6.281	1.658	0.514	98.613	1.415	1.369
Bartonella henselae	4.994	1.736	0.8115	6.2665	1.889	0.38	98.769	2.831	0.405
Bdellovibrionaceae bacterium	4.275	2.27	1.756	6.45	-1	0.421	95.553	1.825	1.9
Bdellovibrionales bacterium	4.232	2.384	1.6975	6.4255	1	0.515	96.801	3.836	0.777
Betaproteobacteria bacterium	4.165	2.5125	1.74	6.412	0.814	0.5805	93.128	1.989	1.534
Bifidobacterium adolescentis	5.7475	1.23	0.301	6.345	2.241	0.595	96.16	1.804	1.746
Bifidobacterium animalis	5.624	1.204	0.301	6.283	2.148	0.605	90.222	1.615	0.884
Bifidobacterium bifidum	5.373	1.415	0.602	6.343	1.969	0.627	85.467	3.909	0.763
Bifidobacterium breve	5.2495	1.4765	0.699	6.368	2	0.588	94.397	3.83	1.141
Bifidobacterium dentium	5.469	1.3005	0.5395	6.4115	2.234	0.585	96.514	3.738	2.197
Bifidobacterium longum	5.071	1.672	0.845	6.377	2.049	0.6	91.503	2.243	1.474
Bifidobacterium moukalabense	5.386	1.362	0.301	6.402	1.991	0.599	89.119	1.203	1.482
Bifidobacterium pseudocatenulatum	5.8	1.0965	0.301	6.341	2.3775	0.563	98.67	2.091	1.232
Bifidobacterium pseudolongum	5.3415	1.322	0.477	6.305	2.248	0.632	89.55	1.44	1.001
Bifidobacterium sp.	4.594	1.9535	1.229	6.2895	2.1205	0.597	82.127	1.828	1.756
Blastocatellia bacterium	3.932	2.588	2.004	6.483	1.13	0.556	81.631	2.892	2.156
Blautia massiliensis	5.151	1.823	0.9515	6.5335	2	0.441	78.904	2.051	2.334
Blautia obeum	5.041	2.037	1.041	6.547	2	0.417	89.467	1.967	0.754
Blautia wexlerae	4.716	2.369	1.398	6.593	2	0.413	98.16	2.267	0.96
Bordetella avium	5.5615	1.7115	0.5395	6.5715	1.874	0.616	97.234	2.514	1.925
Bordetella bronchiseptica	5.002	2.033	1.23	6.717	1.846	0.682	77.781	1.576	1.093
Bordetella holmesii	4.5665	2.196	1.484	6.5545	1.9515	0.6275	80.899	2.438	2.32
Bordetella pertussis	4.718	2.033	1.362	6.605	1.944	0.678	85.53	1.348	0.676
Borreliella bavariensis	5.957	1.505	0	6.112	2.025	0.279	81.985	3.734	2.13
Borreliella burgdorferi	5.955	1.699	0	6.112	1.818	0.281	88.537	2.669	2.228
Borreliella garinii	3.747	2.506	1.787	6.0445	0.854	0.28	78.559	2.508	1.476
Brachyspira hyodysenteriae	5.1315	1.6855	0.845	6.484	2.864	0.27	82.958	3.491	1.717
Brachyspira pilosicoli	5.489	1.3845	0.588	6.4185	2.1725	0.278	97.317	1.302	1.825
Bradyrhizobium canariense	5.287	2.261	1.114	6.918	1.908	0.63	98.563	3.805	1.819
Bradyrhizobium elkanii	4.951	2.4865	1.503	6.9655	1.925	0.637	91.804	2.357	2.246
Brevundimonas sp.	4.6255	2.1735	1.38	6.486	1.301	0.6765	90.364	3.223	1.12
Brochothrix thermosphacta	5.124	1.826	0.845	6.405	1.845	0.363	94.477	1.043	1.871
Brucella abortus	5.6655	1.2425	0.477	6.516	2.1685	0.572	96.399	3.031	0.431
Brucella canis	5.673	1.079	0.477	6.514	2	0.573	82.772	2.109	0.657
Brucella melitensis	5.393	1.531	0.699	6.517	2.149	0.572	88.553	2.101	0.584
Brucella ovis	5.486	1.362	0.699	6.517	1.934	0.572	78.3	2.936	2.176
Brucella suis	5.56	1.301	0.602	6.52	2.212	0.572	90.805	1.796	2.056
Burkholderia ambifaria	5.59	1.973	0.778	6.873	1.9005	0.667	85.386	1.166	1.723
Burkholderia anthina	5.305	2.021	1.079	6.877	1.934	0.667	98.124	2.131	1.325
Burkholderia cenocepacia	5.035	2.19	1.398	6.903	1.886	0.67	83.084	1.151	0.756
Burkholderia cepacia	5.391	2.043	1.041	6.929	1.8675	0.667	92.911	2.513	0.695
Burkholderia contaminans	5.2725	1.991	1.161	6.922	1.966	0.664	89.98	3.897	2.25
Burkholderia diffusa	5.375	1.839	1	6.84	1.987	0.664	93.645	3.174	0.611
Burkholderia gladioli	5.451	2.117	1	6.918	1.851	0.681	78.023	3.738	1.028
Burkholderia glumae	3.946	2.999	2.262	6.801	2.146	0.683	88.249	1.537	0.903
Burkholderia lata	5.304	1.959	1.161	6.9455	1.9465	0.6635	95.285	1.557	0.604
Burkholderia mallei	4.699	2.367	1.568	6.748	2.17	0.686	88.025	3.653	0.399
Burkholderia multivorans	5.2755	1.937	1.0965	6.809	2.1145	0.672	98.184	2.107	0.404
Burkholderia pseudomallei	4.98	2.2135	1.38	6.852	1.9255	0.682	87.561	1.589	2.13
Burkholderia stagnalis	5.308	2.037	1.114	6.888	1.934	0.676	89.274	1.062	0.868
Burkholderia territorii	5.36	1.914	1	6.839	1.935	0.667	95.103	3.401	2.014
Burkholderia thailandensis	4.834	2.297	1.447	6.817	1.643	0.677	81.557	2.275	0.337
Burkholderia ubonensis	5.27	2.057	1.114	6.8775	1.891	0.672	77.735	2.382	1.291
Burkholderia vietnamiensis	5.2745	1.982	1.114	6.8335	1.975	0.671	83.726	3.782	1.752
Burkholderiaceae bacterium	3.7755	2.559	1.9085	6.18	0.743	0.478	99.324	1.223	1.04
Burkholderiales bacterium	3.8275	2.469	1.9055	6.289	1	0.621	78.399	3.061	1.1
Caldicellulosiruptor bescii	6.467	0.477	0	6.4705	2.334	0.352	90.57	3.575	1.228
Calditrichaeota bacterium	3.792	2.7155	2.097	6.5555	1.333	0.4385	94.762	3.743	1.837
Campylobacter coli	4.897	1.785	0.903	6.246	2.033	0.313	79.355	2.896	2.044
Campylobacter concisus	4.987	1.82	0.845	6.284	1.699	0.394	92.927	1.914	0.742
Campylobacter curvus	5.33	1.447	0.602	6.291	2.17	0.443	87.072	1.039	1.777
Campylobacter fetus	5.206	1.708	0.602	6.244	2.124	0.332	92.382	1.43	0.369
Campylobacter helveticus	4.49	2.19	1.255	6.263	2.283	0.343	95.819	3.775	2.33
Campylobacter hepaticus	4.9615	1.663	0.778	6.171	1.602	0.279	79.177	2.958	0.97
Campylobacter hyointestinalis	5.2325	1.638	0.602	6.2515	2	0.339	82.787	2.763	1.243
Campylobacter jejuni	4.921	1.708	0.845	6.236	2.083	0.304	92.974	1.325	0.444
Campylobacter lanienae	4.837	1.9265	0.8115	6.214	1.744	0.3435	84.018	3.817	1.055
Campylobacter lari	5.034	1.568	0.778	6.186	2.176	0.297	92.364	2.566	1.977
Campylobacter upsaliensis	4.679	1.914	1.079	6.224	2.083	0.348	92.923	2.764	1.619
Campylobacteraceae bacterium	4.721	1.806	1.041	6.231	1.431	0.374	87.113	3.691	1.212
Campylobacterales bacterium	3.778	2.396	1.813	6.219	1.147	0.366	77.686	2.914	0.854
Candida auris	4.472	2.959	2.124	7.098	1.954	0.449	91.054	2.283	2.271
Carnobacterium divergens	5.466	1.431	0.602	6.436	1.643	0.35	92.99	2.684	1.413
Carnobacterium maltaromaticum	5.699	1.362	0.477	6.548	1.519	0.344	94.878	3.507	1.976
Chitinophagaceae bacterium	4.184	2.417	1.708	6.535	1.255	0.419	84.335	1.806	1.226
Chitinophagia bacterium	3.9245	2.6765	1.9685	6.3495	0.7985	0.389	94.339	2.277	0.305
Chlamydia abortus	6.057	0.477	0	6.064	2	0.399	81.061	1.831	1.767
Chlamydia psittaci	5.7365	1.1545	0.1505	6.071	2.43	0.39	93.282	3.353	1.134
Chlamydia suis	5.8345	0.301	0	6.038	1.4545	0.4215	78.666	2.219	1.343
Chlamydia trachomatis	5.993	0.389	0	6.018	2.1505	0.413	94.737	2.409	2.087
Chlamydiae bacterium	4.013	2.33	1.681	6.211	0.788	0.43	81.987	3.477	0.462
Chlorobi bacterium	4.619	1.922	1.19	6.3375	1.699	0.5075	93.204	1.858	1.434
Chloroflexi bacterium	4.204	2.199	1.58	6.324	1	0.562	92.57	3.63	1.723
Chloroflexia bacterium	3.704	2.751	2.199	6.464	1.045	0.639	91.775	2.675	1.81
Christensenellaceae bacterium	4.281	2.233	1.5555	6.4305	1.139	0.583	77.725	2.002	1.802
Chromatiaceae bacterium	3.971	2.507	1.881	6.405	1.554	0.641	88.914	1.37	1.599
Chromatiales bacterium	3.604	2.5665	2.097	6.2475	0.8975	0.6215	94.372	1.88	2.302
Chromobacterium violaceum	5.303	1.826	0.954	6.678	2.176	0.648	78.579	1.851	1.424
Chthoniobacterales bacterium	3.758	2.624	2.061	6.312	1.05	0.598	94.938	2.042	2.103
Citrobacter amalonaticus	5.6465	1.561	0.602	6.7045	1.861	0.533	93.315	2.019	1.815
Citrobacter braakii	5.771	1.6925	0.477	6.713	1.8535	0.52	95.292	2.808	1.165
Citrobacter freundii	5.199	2.14	1.041	6.724	2	0.518	83.52	3.447	1.335
Citrobacter koseri	6.538	0.845	0	6.689	2	0.537	82.38	2.357	2.337
Citrobacter portucalensis	5.216	2.045	1.041	6.729	2.121	0.517	91.288	3.875	0.487
Citrobacter werkmanii	5.631	1.477	0.602	6.705	1.897	0.521	78.641	2.226	2.018
Citromicrobium sp.	4.506	1.949	1.362	6.445	-1	0.643	83.957	3.686	2.016
Clavibacter michiganensis	5.153	1.74	0.903	6.517	2	0.727	96.422	3.322	1.871
Clostridia bacterium	4.1575	2.319	1.628	6.2715	1.146	0.475	80.72	2.99	2.212
Clostridiaceae bacterium	4.3405	2.3	1.519	6.3605	2.2955	0.4375	80.366	2.11	1.72
Clostridiales bacterium	4.2795	2.207	1.505	6.295	1.831	0.508	93.975	1.591	1.711
Clostridioides difficile	5.058	2.09	1.079	6.618	2	0.285	97.891	2.321	0.692
Clostridium beijerinckii	4.954	2.21	1.301	6.778	2.101	0.296	93.19	3.875	2.244
Clostridium botulinum	5.086	1.929	1	6.59	1.301	0.28	78.684	1.51	0.538
Clostridium butyricum	4.964	2.09	1.204	6.662	2	0.285	94.341	1.428	1.634
Clostridium perfringens	5.1475	1.845	0.903	6.529	2	0.281	91.847	2.619	2.214
Clostridium saccharobutylicum	5.023	1.919	1.041	6.698	2.135	0.284	95.749	3.452	1.477
Clostridium sp.	4.1715	2.4385	1.736	6.3945	1.8805	0.458	82.64	3.241	0.523
Clostridium sporogenes	5.1615	1.9685	1	6.613	1.301	0.279	96.586	2.713	2.164
Clostridium tetani	5.34	1.633	0.699	6.453	2	0.285	82.867	2.27	1.023
Collinsella aerofaciens	4.869	1.732	1	6.341	2	0.6	89.827	3.665	0.387
Collinsella sp.	4.368	2.127	1.398	6.29	1.169	0.603	87.702	2.152	1.926
Comamonadaceae bacterium	4.267	2.386	1.756	6.524	1.322	0.664	91.838	1.837	1.701
Comamonas thiooxydans	5.236	2.0025	0.9285	6.7305	2.236	0.6115	87.819	2.189	0.666
Coprococcus comes	5.0485	1.947	1	6.5115	2	0.427	86.745	2.576	1.068
Coprococcus eutactus	4.9145	1.796	1.05	6.4355	1.2305	0.441	78.04	3.214	1.89
Corallococcus exiguus	4.4075	2.9405	2.088	7.0205	1.785	0.695	95.456	2.221	0.906
Coriobacteriaceae bacterium	4.095	2.276	1.58	6.256	1.205	0.621	99.2	2.606	0.652
Coriobacteriia bacterium	4.3475	2.1505	1.447	6.2215	1.178	0.5655	99.107	3.006	1.151
Corynebacterium amycolatum	5.063	1.732	0.903	6.397	1.548	0.588	89.529	3.512	1.179
Corynebacterium aurimucosum	5.1165	1.774	0.903	6.4355	2.7285	0.61	85.767	1.93	1.419
Corynebacterium belfantii	5.0825	1.6715	0.845	6.38	1.667	0.536	86.404	2.408	2.032
Corynebacterium bovis	4.169	2.453	1.69	6.402	1.937	0.726	81.815	2.868	1.968
Corynebacterium diphtheriae	5.13	1.633	0.778	6.387	1.924	0.535	84.38	3.23	1.117
Corynebacterium glutamicum	5.3125	1.562	0.778	6.5135	2.301	0.54	94.858	2.112	0.757
Corynebacterium pseudotuberculosis	6.087	0.602	0.1505	6.373	2.431	0.521	94.863	3.846	2.279
Corynebacterium striatum	5.246	1.613	0.778	6.454	2.161	0.593	86.938	1.214	1.065
Corynebacterium ulcerans	5.4685	1.29	0.5395	6.3995	2.002	0.534	88.321	3.393	0.82
Corynespora cassiicola	4.739	3.777	2.358	7.63	1.568	0.517	82.565	1.91	0.893
Coxiella burnetii	4.888	1.778	0.903	6.302	2.072	0.425	99.818	2.988	1.361
Crenarchaeota archaeon	4.4	2.056	1.269	6.226	1.699	0.393	93.814	3.271	2.323
Crocinitomicaceae bacterium	4.466	1.845	1.279	6.292	-1	0.372	80.786	2.57	0.824
Cronobacter dublinensis	5.397	2.021	0.778	6.661	2	0.58	90.72	2.225	0.395
Cronobacter malonaticus	5.035	2.068	1.146	6.647	2	0.57	88.039	1.717	1.18
Cronobacter sakazakii	5.408	1.748	0.778	6.653	1.699	0.568	95.12	2.836	1.618
Cryomorphaceae bacterium	4.4075	2.1685	1.4765	6.2275	1.29	0.433	90.445	2.623	1.519
Cryptococcus neoformans	5.21	2.715	1.544	7.267	2.253	0.482	87.174	1.393	1.771
Cutibacterium acnes	5.794	0.954	0.301	6.402	1.778	0.601	79.354	2	0.916
Cutibacterium avidum	5.4545	1.545	0.5395	6.4045	1.79	0.634	90.509	3.598	0.533
Cyclobacteriaceae bacterium	3.939	2.605	2.037	6.482	1.153	0.438	91.629	1.087	0.827
Cylindrospermopsis raciborskii	5.015	2.093	1.0775	6.5485	1.081	0.401	92.984	3.147	0.577
Cytophagales bacterium	4.035	2.576	1.944	6.479	1	0.437	81.889	2.997	1.9
Cytophagia bacterium	4.2305	2.5355	1.7785	6.2815	1.1055	0.4045	90.951	2.589	1.645
Defluviitaleaceae bacterium	4.3355	2.2345	1.562	6.3555	1.2425	0.4635	87.556	3.216	2.072
Dehalococcoidales bacterium	4.109	2.033	1.462	6.114	0.903	0.483	85.875	1.906	1.746
Dehalococcoides mccartyi	5.551	1.283	0.301	6.1545	1.946	0.472	87.114	3.431	1.089
Dehalococcoidia bacterium	4.19	2.068	1.462	6.1585	1	0.544	95.24	2.044	1.789
Deltaproteobacteria bacterium	3.915	2.515	1.934	6.397	1.156	0.535	93.096	1.708	2.041
Desulfobacteraceae bacterium	3.845	2.615	2.031	6.4645	1.1875	0.497	93.505	1.698	0.513
Desulfobacterales bacterium	3.663	2.637	2.134	6.386	1.108	0.472	99.62	1.245	1.666
Desulfobulbaceae bacterium	3.941	2.553	1.973	6.408	1	0.519	91.59	1.493	1.068
Desulfobulbus sp.	3.961	2.49	1.881	6.422	1.301	0.526	97.721	2.583	1.601
Desulfonatronospira sp.	3.885	2.401	1.813	6.303	1.06	0.519	97.16	1.607	0.38
Desulfovibrio sp.	4.003	2.201	1.732	6.41	1.243	0.6335	98.56	1.272	1.018
Desulfovibrionaceae bacterium	3.904	2.529	1.949	6.324	1.08	0.585	91.589	2.79	2.241
Desulfurococcaceae archaeon	4	2.149	1.398	6.062	1.377	0.449	93.304	2.029	1.242
Desulfuromonadaceae bacterium	4.0925	2.375	1.7325	6.3365	1.108	0.5835	88.541	2.924	1.66
Desulfuromonadales bacterium	4.155	2.365	1.623	6.455	1.126	0.534	97.258	1.492	0.88
Dickeya solani	5.379	1.568	0.845	6.687	2.301	0.562	96.049	3.487	1.089
Dorea formicigenerans	5.049	1.968	1	6.503	2	0.409	97.414	1.344	1.689
Dorea longicatena	5.086	1.7955	0.903	6.501	2	0.414	97.319	3.84	1.304
Dothistroma septosporum	5.788	2.553	1.203	7.4835	2	0.53	81.852	1.521	0.315
Ectothiorhodospiraceae bacterium	4.051	2.474	1.908	6.399	1.209	0.635	97.751	1.047	1.397
Edwardsiella piscicida	5.772	1.204	0.301	6.576	2.053	0.597	84.038	2.534	0.8
Edwardsiella tarda	5.399	1.481	0.7525	6.5705	2.17	0.572	83.863	3.479	0.626
Eggerthella lenta	5.081	1.799	1	6.538	1.87	0.642	99.368	1.316	1.738
Eggerthellaceae bacterium	4.108	2.312	1.699	6.245	1.079	0.58	78.467	1.03	1.286
Eikenella corrodens	4.868	1.8055	0.9975	6.353	2.139	0.557	87.09	3.409	1.28
Elizabethkingia anophelis	5.627	1.5965	0.602	6.6075	2	0.355	83.968	3.134	1.579
Elizabethkingia meningoseptica	5.6485	1.279	0.602	6.596	2	0.364	93.225	2.315	1.606
Elizabethkingia miricola	5.729	1.38	0.602	6.632	2	0.359	82.433	1.893	0.562
Elusimicrobia bacterium	3.899	2.344	1.748	6.168	1	0.44	80.887	2.778	1.433
Enhydrobacter aerosaccus	4.2335	2.725	1.9615	6.71	0	0.655	88.421	1.672	0.49
Ensifer adhaerens	5.378	1.914	1	6.856	1.93	0.623	86.014	1.433	1.639
Enterobacter asburiae	5.174	2.013	1.041	6.691	2.024	0.556	94.599	3.047	0.855
Enterobacter bugandensis	5.618	1.562	0.5395	6.689	2.301	0.559	79.366	1.581	1.489
Enterobacter cancerogenus	5.4235	1.703	0.8115	6.6885	2	0.556	97.769	3.369	1.122
Enterobacter cloacae	5.135	2.023	1.079	6.701	1.989	0.549	80.792	1.813	0.325
Enterobacter hormaechei	5.284	1.9465	0.954	6.6955	2.0395	0.551	96.756	2.533	0.438
Enterobacter kobei	5.1955	1.993	1	6.699	2.0185	0.5485	91.377	2.815	1.253
Enterobacter ludwigii	5.515	1.672	0.7385	6.6855	1.915	0.545	97.202	1.956	0.989
Enterobacter roggenkampii	5.149	2.079	1.079	6.703	2.133	0.5575	92.903	2.636	1.149
Enterocloster clostridioformis	4.904	2.274	1.342	6.732	2	0.49	80.411	2.92	1.523
Enterococcus avium	4.8885	2.17	1.2525	6.632	1.8125	0.39	90.842	3.805	0.747
Enterococcus casseliflavus	5.28	1.671	0.8115	6.5535	2	0.4255	84.44	3.099	0.703
Enterococcus cecorum	4.9265	1.8295	0.954	6.37	1.9865	0.364	97.971	2.178	0.303
Enterococcus durans	4.816	2.004	1.161	6.48	2.196	0.377	97.527	2.036	0.624
Enterococcus faecalis	5.196	1.839	0.778	6.47	1.748	0.374	78.598	3.647	1.234
Enterococcus faecium	4.643	2.276	1.301	6.459	1.771	0.379	93.281	2.138	1.629
Enterococcus gallinarum	5.43	1.58	0.699	6.537	1.944	0.404	98.506	3.466	0.846
Enterococcus hirae	5.372	1.398	0.6505	6.454	2.119	0.369	82.042	3.381	1.883
Enterococcus mundtii	5.023	1.911	1.0395	6.517	1.8315	0.3835	88.19	2.929	1.188
Epibacterium mobile	5.352	1.813	0.845	6.68	2.0065	0.589	98.513	3.275	2.189
Epsilonproteobacteria bacterium	3.942	2.301	1.7355	6.161	1.4345	0.38	87.384	2.826	0.936
Epulopiscium sp.	4.3905	2.34	1.4855	6.344	2.5775	0.3465	92.239	1.384	2.311
Erwinia amylovora	5.589	1.663	0.477	6.58	2	0.535	87.131	2.057	0.592
Erysipelothrix sp.	4.141	2.164	1.398	6.095	2.16	0.353	88.994	3.617	1.05
Erysipelotrichaceae bacterium	4.272	2.1425	1.3885	6.273	1.4285	0.3625	98.72	1.41	0.974
Erysipelotrichia bacterium	3.9205	2.314	1.7195	6.179	1.8525	0.329	96.14	3.292	1.35
Erythrobacter sp.	4.359	2.2555	1.633	6.4355	1.024	0.6295	86.672	1.36	1.522
Escherichia albertii	5.014	2.201	1.176	6.677	1.908	0.497	98.533	1.838	0.729
Escherichia coli	5.062	2.274	1.176	6.721	1.902	0.505	97.115	2.379	2.318
Escherichia fergusonii	5.429	1.826	0.778	6.676	2.121	0.499	97.232	3.716	2.301
Escherichia marmotae	5.3	1.839	0.845	6.667	2.059	0.504	85.578	1.637	1.804
Eubacterium rectale	5.0195	2.083	1.079	6.4665	2	0.418	95.358	2.499	1.325
Eubacterium sp.	4.5955	2.0305	1.267	6.2975	1.0965	0.415	87.979	2.921	0.832
Euryarchaeota archaeon	4.433	1.82	1.23	6.147	-1	0.469	84.485	1.236	0.832
Faecalibacterium prausnitzii	4.73	1.982	1.146	6.379	1.544	0.578	95.674	2.075	0.481
Faecalibacterium sp.	4.353	2.17	1.519	6.341	1.693	0.599	93.661	3.834	1.576
Ferruginibacter sp.	3.962	2.754	2.161	6.567	1.301	0.407	92.022	3.678	0.927
Fibrobacter sp.	4.324	2.5225	1.771	6.6445	2.4605	0.406	89.945	2.194	1.421
Finegoldia magna	5.105	1.5675	0.699	6.276	2	0.319	86.351	3.902	2.011
Firmicutes bacterium	4.181	2.299	1.602	6.31	1.825	0.504	83.593	2.619	0.841
Flammeovirgaceae bacterium	4.357	1.869	1.362	6.157	-1	0.362	85.054	2.301	0.697
Flavobacteriaceae bacterium	4.3835	1.919	1.301	6.25	-1	0.3345	92.683	2.4	2.319
Flavobacteriales bacterium	4.418	1.792	1.204	6.195	-1	0.331	80.212	1.748	0.83
Flavobacteriia bacterium	4.036	2.497	1.778	6.27	0.8355	0.437	81.588	3.494	0.316
Flavobacterium columnare	4.7985	2.11	1.2425	6.52	2.2855	0.306	79.008	1.428	1.218
Flavobacterium psychrophilum	4.974	2.045	1.041	6.436	1.903	0.324	98.898	1.767	0.606
Flavobacterium sp.	4.2605	2.381	1.748	6.5125	1.204	0.354	88.887	3.408	0.718
Francisella tularensis	4.431	2	1.362	6.253	2.093	0.322	95.625	1.32	0.437
Fusarium oxysporum	4.8705	3.69	2.2695	7.704	1.672	0.478	94.002	1.101	1.659
Fusicatenibacter saccharivorans	4.687	2.167	1.279	6.505	1.949	0.486	97.351	3.455	1.637
Fusobacterium necrophorum	5.144	1.748	0.778	6.33	1.778	0.351	78.975	2.825	1.362
Fusobacterium nucleatum	4.885	1.9085	1.0205	6.3705	1.9645	0.27	85.676	1.595	1.617
Gallibacterium anatis	4.722	1.9615	1.146	6.398	1.889	0.398	91.048	2.359	1.905
Gammaproteobacteria bacterium	4.16	2.338	1.672	6.3475	0.905	0.5175	80.78	1.643	0.305
Gardnerella vaginalis	5.6055	1.06	0.301	6.2135	1.6715	0.4185	91.814	3.237	1.911
Gemmataceae bacterium	4.378	2.348	1.708	6.603	1	0.594	91.316	3.403	1.195
Gemmatimonadaceae bacterium	4.2145	2.5105	1.823	6.571	1.1865	0.676	85.548	1.469	1.175
Gemmatimonadales bacterium	3.8185	2.602	2.007	6.4555	1.0085	0.6765	85.062	1.318	2.283
Gemmatimonadetes bacterium	4.1345	2.5025	1.799	6.467	1	0.663	77.845	3.341	0.741
Gemmiger formicilis	4.2015	2.3775	1.715	6.363	1.0555	0.605	98.788	1.715	1.256
Gemmiger sp.	4.188	2.36	1.6855	6.39	1.4205	0.564	86.915	2.88	0.603
Geobacter sp.	4.583	2.201	1.43	6.5585	1.7195	0.554	80.183	2.556	1.304
Geodermatophilaceae bacterium	3.899	2.693	2.061	6.464	1.257	0.691	89.313	1.556	0.969
Gilliamella apicola	4.824	2.041	1.146	6.454	1.079	0.344	89.999	3.508	0.721
Gilliamella apis	4.901	1.857	1	6.397	1.447	0.347	83.429	3.412	0.396
Glaesserella parasuis	4.606	2.164	1.23	6.3405	1.999	0.399	93.8	2.923	1.593
Gluconobacter oxydans	5.0565	1.939	0.9225	6.4605	2.34	0.6095	94.677	3.434	1.617
Gordonia paraffinivorans	5.093	1.966	1.041	6.6385	2.2795	0.692	81.914	1.254	0.661
Hadesarchaea archaeon	3.7255	2.1625	1.672	5.886	1.0175	0.558	85.924	3.478	2.197
Haematospirillum jordaniae	5.38	1.477	0.477	6.3785	2.175	0.554	86.617	3.698	1.505
Haemophilus haemolyticus	5.378	1.477	0.602	6.284	2.193	0.384	78.383	1.036	1.057
Haemophilus influenzae	5.097	1.699	0.699	6.266	1.88	0.38	99.21	1.728	1.067
Haemophilus parainfluenzae	5.303	1.505	0.602	6.318	1.672	0.394	91.988	1.961	1.306
Hafnia alvei	5.459	1.785	0.778	6.68	2	0.487	80.501	3.248	0.868
Hafnia paralvei	5.092	2.0065	1.1395	6.6735	2.2385	0.481	97.954	2.762	1.424
Halanaerobiaceae bacterium	4.0085	2.4125	1.728	6.33	1.109	0.401	95.171	3.188	1.745
Haliea sp.	5.03	1.771	1.114	6.58	-1	0.605	94.717	3.636	1.024
Halieaceae bacterium	4.524	1.839	1.146	6.219	2.543	0.539	99.592	2.184	0.713
Halomonas sp.	4.2465	2.3665	1.658	6.4585	0.89	0.588	94.006	1.409	2.145
Helicobacter cinaedi	4.6115	2.392	1.204	6.328	1.9535	0.384	97.362	3.42	1.596
Helicobacter pullorum	4.607	2.104	1.176	6.256	2.076	0.344	94.762	3.605	2.174
Helicobacter pylori	4.985	1.602	0.699	6.211	2	0.389	77.888	2.803	1.943
Helicobacter suis	4.912	1.898	0.845	6.214	1.699	0.399	93.795	1.58	2.17
Helicobacteraceae bacterium	3.766	2.236	1.851	6.133	0.927	0.396	90.939	1.686	0.667
Histophilus somni	4.817	2.1	1	6.348	2.161	0.371	81.72	3.784	0.978
Homo sapiens	6.166	2.612	1.826	7.62	1.477	0.409	93.185	3.839	1.415
Hordeum vulgare	2.394	5.777	5.377	8.207	0	0.5965	86.583	2.01	1.466
Hortaea werneckii	4.323	3.618	2.849	7.686	1.447	0.533	98.415	3.159	1.449
Hungateiclostridium thermocellum	4.888	2.079	1.114	6.539	2.568	0.391	96.17	2.259	2.261
Hyphomicrobium sp.	4.684	2.057	1.38	6.523	1.185	0.624	92.413	2.456	0.848
Hyphomonadaceae bacterium	4.5295	2.057	1.46	6.435	-0.4855	0.5925	94.688	1.119	2.172
Hyphomonas sp.	4.991	1.886	1	6.539	-1	0.595	82.086	1.332	0.556
Idiomarina sp.	4.715	1.851	1.279	6.362	-1	0.471	90.842	1.281	2.287
Ignavibacteria bacterium	4.026	2.524	1.845	6.425	1	0.366	96.873	3.469	1.498
Ignavibacteriaceae bacterium	4.3595	2.4065	1.623	6.5245	1.233	0.353	83.019	1.289	1.382
Ignavibacteriae bacterium	4.6435	2.1115	1.3975	6.431	1.0505	0.348	98.811	2.149	1.442
Ignavibacteriales bacterium	4.0655	2.5505	1.8825	6.5345	1.162	0.442	88.114	2.502	1.784
Ignisphaera aggregans	4.217	2.1365	1.351	6.2185	1.424	0.379	97.47	2.416	1.674
Janthinobacterium lividum	5.4485	1.662	0.8115	6.8045	1.984	0.626	78.888	3.002	1.328
Kiritimatiellae bacterium	3.939	2.516	1.959	6.372	1.098	0.587	80.099	3.115	1.218
Klebsiella aerogenes	5.329	1.836	0.903	6.719	1.96	0.55	97.141	1.838	0.554
Klebsiella grimontii	5.3845	2.155	0.903	6.7945	1.785	0.555	88.333	3.89	1.191
Klebsiella michiganensis	5.255	2.079	1.079	6.793	1.918	0.557	96.66	3.554	1.896
Klebsiella oxytoca	5.346	2.019	0.9285	6.778	1.9345	0.551	84.481	3.04	1.634
Klebsiella pneumoniae	5.321	2.029	0.954	6.748	2	0.572	86.489	1.646	2.299
Klebsiella quasipneumoniae	5.481	1.934	0.778	6.737	2	0.578	82.297	1.071	0.409
Klebsiella quasivariicola	5.446	1.7065	0.8115	6.7425	1.579	0.5695	85.712	1.91	2.166
Klebsiella variicola	5.501	1.8095	0.778	6.751	2	0.573	99.14	2.295	1.385
Kocuria rhizophila	5.0845	1.6975	0.903	6.4305	2.052	0.707	99.357	3.066	1.888
Komagataella pastoris	5.641	2.2125	0.903	6.971	2	0.411	90.309	3.602	1.145
Lachnospira sp.	4.1495	2.273	1.69	6.395	1.0655	0.378	96.613	3.814	1.89
Lachnospiraceae bacterium	4.4205	2.335	1.505	6.4335	1.301	0.445	81.187	2.228	0.384
Lacticaseibacillus paracasei	4.7605	2.1285	1.19	6.47	1.8675	0.463	82.307	3.367	2.06
Lactiplantibacillus plantarum	5.158	1.842	0.903	6.513	1.5115	0.444	93.151	1.501	0.75
Lactobacillus acidophilus	5.225	1.4545	0.477	6.294	1.9485	0.346	95.706	3.548	1.959
Lactobacillus brevis	4.904	2.013	1.041	6.407	2.025	0.458	96.215	2.973	1.217
Lactobacillus buchneri	5.382	1.591	0.602	6.398	1.88	0.443	91.981	3.697	1.037
Lactobacillus casei	4.677	2.167	1.279	6.474	1.886	0.477	86.222	3.773	1.025
Lactobacillus crispatus	4.5135	2.1395	1.3005	6.323	1.944	0.368	92.128	3.145	0.393
Lactobacillus delbrueckii	4.709	1.94	1.041	6.253	2.004	0.499	97.706	1.268	0.574
Lactobacillus gasseri	5.085	1.633	0.699	6.281	1.763	0.349	99.069	3.573	0.457
Lactobacillus helveticus	4.278	2.362	1.491	6.312	2.274	0.366	80.035	1.926	0.883
Lactobacillus iners	4.967	1.491	0.699	6.115	1.805	0.327	80.833	2.638	1.26
Lactobacillus jensenii	4.76	1.7745	0.903	6.2235	1.8235	0.3425	86.388	3.897	0.716
Lactobacillus johnsonii	4.846	1.806	0.954	6.278	2	0.345	92.767	3.635	0.526
Lactobacillus kunkeei	5.131	1.491	0.602	6.191	2.301	0.3665	82.216	1.552	0.839
Lactobacillus micheneri	5.5585	1.161	0.301	6.1645	1.808	0.306	82.492	1.063	1.444
Lactobacillus mucosae	5.0135	1.6655	0.8115	6.345	2.126	0.464	93.532	1.045	0.921
Lactobacillus murinus	4.373	2.299	1.462	6.38	1.968	0.396	82.663	1.879	0.512
Lactobacillus reuteri	4.707	2.093	1.114	6.319	2.171	0.386	92.269	2.218	0.585
Lactobacillus rhamnosus	4.958	1.9215	1.041	6.469	1.37	0.467	78.473	2.667	1.767
Lactobacillus ruminis	4.78	1.919	1.041	6.329	2	0.437	93.805	3.483	0.831
Lactobacillus sakei	5.056	1.618	0.8115	6.2935	1.7815	0.41	88.143	3.584	1.139
Lactobacillus sanfranciscensis	4.893	1.613	0.699	6.108	2.384	0.347	97.432	3.439	1.677
Lactobacillus sp.	4.914	1.473	0.8115	6.229	1.664	0.3705	86.048	3.341	1.466
Lactococcus garvieae	5.067	1.681	0.845	6.319	2.152	0.381	89.373	2.633	1.631
Lactococcus lactis	4.914	2.043	1	6.401	1.699	0.351	88.213	1.248	1.246
Larix gmelinii	2.5405	3.3215	2.688	5.9295	0	0.406	89.693	1.907	2.172
Leclercia adecarboxylata	5.438	1.785	0.845	6.697	1.851	0.556	78.708	1.155	0.743
Legionella pneumophila	5.322	1.591	0.778	6.537	2	0.383	99.948	2.215	2.263
Legionella taurinensis	5.276	1.663	0.7385	6.485	1.7075	0.483	85.544	3.753	2.021
Legionellales bacterium	4.494	1.826	1.146	6.142	-1	0.414	91.644	1.658	1.245
Lentisphaerae bacterium	3.859	2.673	2.057	6.503	1.782	0.5935	93.298	3.198	2.235
Lentisphaeria bacterium	3.7695	2.688	2.113	6.4455	0.972	0.55	99.815	2.559	1.51
Leptospira borgpetersenii	4.871	2.064	1.204	6.59	1.796	0.401	89.754	2.187	1.428
Leptospira interrogans	4.635	2.34	1.519	6.67	1.762	0.35	98.617	1.236	1.642
Leptospira kirschneri	4.8	2.196	1.398	6.645	1.756	0.359	96.508	1.343	0.776
Leptospira levettii	5.947	1.255	0.301	6.594	1.699	0.375	89.933	3.899	2.311
Leptospira noguchii	4.7085	2.3315	1.431	6.6765	1.763	0.356	87.584	2.105	0.515
Leptospira santarosai	5.077	1.94	1.041	6.605	1.775	0.418	84.085	2.886	1.135
Leptospira weilii	4.718	2.354	1.38	6.631	1.776	0.4075	94.106	3.861	1.059
Leuconostoc citreum	5.217	1.3385	0.5395	6.2625	1.62	0.3885	80.347	1.722	2.303
Leuconostoc lactis	4.927	1.626	0.874	6.237	1.896	0.4315	96.644	1.134	1.191
Leuconostoc mesenteroides	4.8165	1.9265	0.954	6.271	1.699	0.378	83.768	3.423	0.898
Leuconostoc pseudomesenteroides	4.662	1.964	1.114	6.299	1.398	0.3905	91.41	2.01	2.084
Ligilactobacillus agilis	4.79	1.908	1.041	6.336	2.117	0.414	88.163	3.143	1.508
Ligilactobacillus salivarius	4.919	1.778	0.845	6.298	1.531	0.328	96.773	3.032	2.301
Limosilactobacillus fermentum	4.6325	2.0545	1.176	6.299	2.03	0.518	92.743	1.574	0.365
Listeria booriae	5.546	1.462	0.602	6.5475	1.9305	0.419	82.283	2.594	1.517
Listeria innocua	5.595	1.342	0.477	6.466	2.104	0.373	91.703	1.511	0.797
Listeria ivanovii	4.941	1.785	1.114	6.457	1.602	0.369	86.042	1.781	1.142
Listeria marthii	5.7035	1.06	0.301	6.438	1.944	0.387	84.834	1.246	1.021
Listeria monocytogenes	5.548	1.431	0.602	6.481	2.057	0.379	98.289	1.987	1.298
Listeria seeligeri	5.3485	1.498	0.699	6.458	1.9835	0.372	78.845	3.313	0.62
Listeria welshimeri	5.585	1.342	0.477	6.446	2.063	0.362	94.27	3.452	1.832
Lonsdalea populi	4.754	2.176	1.342	6.57	2	0.554	93.187	3.768	1.62
Lysinibacillus fusiformis	5.327	1.771	0.903	6.672	2.09	0.373	82.625	3.313	1.213
Lysinibacillus sphaericus	5.302	1.845	0.903	6.659	2	0.371	86.791	1.729	0.516
Macrococcus caseolyticus	4.999	1.872	0.874	6.342	1.759	0.365	90.895	1.622	1.418
Mannheimia haemolytica	4.8195	2.015	1.114	6.4115	1.371	0.411	80.79	2.549	0.907
Marinobacter sp.	4.615	1.978	1.398	6.493	-1	0.573	97.993	1.227	2.034
Marinovum sp.	4.388	2.0485	1.439	6.3215	-1	0.404	95.751	2.723	1.989
Melissococcus plutonius	5.662	1.041	0.301	6.3145	2.361	0.311	88.742	1.288	2.318
Mesorhizobium loti	5.678	1.556	0.699	6.816	1.74	0.629	85.811	1.946	2.093
Mesorhizobium sp.	5.41	2.114	0.954	6.822	1.792	0.624	90.118	1.301	0.624
Methanobrevibacter smithii	4.9955	1.6625	0.845	6.2785	2.248	0.304	89.269	1.221	0.821
Methanomassiliicoccaceae archaeon	4.0565	2.149	1.4835	6.0715	1.4485	0.5235	79.873	1.038	1.218
Methanomicrobiales archaeon	3.8975	2.526	1.844	6.2775	2.3595	0.592	81.776	3.864	1.723
Methanosarcinales archaeon	3.727	2.456	1.929	6.2	1.491	0.453	87.71	1.624	0.583
Methanothrix sp.	4.041	2.277	1.6355	6.2705	2.246	0.5285	86.293	3.27	0.636
Methylococcaceae bacterium	4.04	2.4815	1.8715	6.444	1	0.487	83.706	3.364	2.165
Methylocystaceae bacterium	4.1425	2.275	1.55	6.1495	1	0.4985	95.798	2.087	2.294
Methylophaga sp.	5.079	1.643	0.903	6.461	0	0.432	93.243	3.097	0.628
Methylophilaceae bacterium	3.868	2.26	1.602	5.989	0.981	0.423	89.047	2.933	2.261
Methylotenera sp.	4.328	2.053	1.447	6.25	1	0.435	98.671	3.577	1.647
Microbacteriaceae bacterium	3.804	2.588	1.929	6.3085	1.1505	0.6115	86.973	3.32	0.529
Microbacterium sp.	4.519	2.079	1.398	6.417	-1	0.692	91.799	3.06	1.208
Microbotryum violaceum	6.1495	2.167	0.903	7.4815	2.176	0.5605	94.438	1.245	2.142
Micrococcales bacterium	4.296	2.25	1.415	6.374	1	0.624	97.026	2.493	1.521
Micrococcus luteus	4.66	2.057	1.255	6.399	2.169	0.73	86.93	2.613	0.332
Micrococcus lylae	6.326	0.301	0	6.327	2	0.367	85.8	3.019	1.667
Microcystis aeruginosa	4.442	2.4685	1.732	6.662	2.3845	0.426	98.537	2.662	2.164
Microcystis flos-aquae	4.5	2.357	1.653	6.668	2.575	0.428	99.94	2.233	0.477
Mobiluncus curtisii	5.7975	1.161	0.301	6.337	2	0.555	78.793	1.741	0.466
Mobiluncus mulieris	5.1185	1.886	0.699	6.405	2	0.55	77.875	1.69	1.31
Mollicutes bacterium	4.1615	2.037	1.301	6.0995	1.3675	0.4085	93.487	2.061	1.933
Moorella thermoacetica	5.314	1.519	0.699	6.418	2.336	0.558	78.297	1.726	2.038
Moraxella catarrhalis	5.245	1.602	0.602	6.284	1.602	0.416	78.626	3.911	2.105
Morganella morganii	5.396	1.785	0.699	6.596	2	0.51	91.996	3.676	1.718
Moritella viscosa	4.892	2.2365	1.29	6.71	1.732	0.393	90.72	2.024	0.78
Muribaculaceae bacterium	4.405	2.32	1.4905	6.3925	1.525	0.5045	90.335	3.311	2.34
Mycobacterium avium	4.7	2.513	1.505	6.713	2.176	0.69	83.07	3.134	1.086
Mycobacterium chimaera	4.954	2.17	1.322	6.78	1.826	0.677	88.153	1.88	1.169
Mycobacterium colombiense	4.923	2.241	1.301	6.75	2.082	0.675	78.581	2.22	0.681
Mycobacterium intracellulare	4.954	2.201	1.279	6.743	2.048	0.68	94.746	2.398	1.088
Mycobacterium kansasii	4.7135	2.404	1.568	6.8015	1.7285	0.661	90.553	1.178	1.344
Mycobacterium sp.	4.577	2.415	1.74	6.788	1.121	0.667	78.915	1.671	1.607
Mycobacterium tuberculosis	5.77	1.255	0.477	6.642	2	0.656	92.203	3.314	2.138
Mycobacteroides abscessus	5.761	1.342	0.477	6.704	2	0.641	99.796	3.91	2.328
Mycobacteroides chelonae	5.828	1.491	0.477	6.709	2.114	0.64	96.898	2.557	1.76
Mycobacteroides immunogenum	5.405	1.716	0.845	6.758	2	0.641	91.581	3.055	1.232
Mycolicibacterium conceptionense	5.114	2.079	1.217	6.81	2.029	0.664	94.13	1.102	1.907
Mycolicibacterium fortuitum	4.925	2.262	1.398	6.8125	2.0065	0.6615	91.166	2.589	1.295
Mycoplasma bovis	4.445	1.851	1.079	5.97	2.545	0.294	85.516	2.243	1.021
Mycoplasma gallisepticum	4.643	1.8825	0.8265	5.975	1	0.3145	87.658	3.583	1.708
Mycoplasma mycoides	4.38	1.978	1.079	5.986	1.748	0.237	92.019	1.384	1.265
Mycoplasma pneumoniae	4.7975	1.648	0.602	5.909	1.958	0.399	83.891	2.483	0.458
Myxococcales bacterium	4.111	2.587	1.914	6.581	1	0.648	97.722	2.555	2.197
Nanoarchaeota archaeon	4.045	1.826	1.204	5.827	-0.292	0.334	84.525	3.401	0.966
Natronohydrobacter sp.	4.0265	2.533	1.9465	6.4515	1.4655	0.6105	87.155	2.091	0.348
Neisseria flavescens	5.195	1.574	0.7385	6.3545	1.351	0.491	91.253	3.276	1.321
Neisseria gonorrhoeae	4.6745	2.1255	1.146	6.331	2	0.524	91.648	1.081	1.518
Neisseria lactamica	5.308	1.568	0.602	6.34	2.029	0.523	96.503	1.032	2.289
Neisseria meningitidis	4.434	2.185	1.38	6.327	2	0.518	93.473	3.896	0.795
Neisseria subflava	5.422	1.491	0.477	6.355	1.466	0.491	89.719	3.57	0.672
Neorhizobium galegae	5.501	1.813	0.845	6.807	1.778	0.615	84.394	2.957	1.772
Nitriliruptoraceae bacterium	3.933	2.598	2.0065	6.482	1.552	0.714	86.768	3.202	0.773
Nitrosomonadales bacterium	3.997	2.298	1.6945	6.252	0.9595	0.5285	93.089	1.194	1.862
Nitrosopumilaceae archaeon	4.3005	2.078	1.352	6.09	1	0.3355	83.42	1.645	2.081
Nitrosopumilales archaeon	4.064	2.045	1.531	6.159	0.785	0.355	81.259	1.577	1.379
Nitrosopumilus sp.	4.0055	2.2505	1.638	6.0515	1.159	0.336	92.17	3.869	1.227
Nitrososphaerales archaeon	4.133	2.068	1.483	6.115	1.1275	0.4505	92.871	3.35	0.387
Nitrososphaeria archaeon	3.915	2.243	1.58	6.076	1.037	0.457	79.419	3.747	1.348
Nitrospina sp.	4.2045	2.1935	1.643	6.2565	0	0.484	95.421	2.921	2.059
Nitrospira sp.	4.264	2.3335	1.633	6.5005	1.5425	0.554	87.387	2.868	2.207
Nitrospiraceae bacterium	4.072	2.2215	1.628	6.267	1	0.5775	86.054	1.601	0.755
Nitrospirae bacterium	3.857	2.504	1.94	6.311	1.043	0.474	83.883	2.66	2.121
Nocardia seriolae	4.604	2.548	1.792	6.888	2.523	0.683	83.403	2.809	1.217
Nocardioidaceae bacterium	4.019	2.501	1.886	6.42	1.192	0.692	95.366	2.481	2.203
Novosphingobium sp.	4.11	2.458	1.799	6.411	0.806	0.642	88.863	1.852	1.502
Oceanospirillaceae bacterium	4.615	2.0895	1.476	6.5615	-1	0.522	87.184	1.585	1.758
Oceanospirillales bacterium	4.257	2.365	1.591	6.461	0.811	0.465	84.246	2.414	2.31
Ochrobactrum anthropi	5.746	1.519	0.477	6.691	1.778	0.562	88.481	1.405	1.067
Ochrobactrum intermedium	5.629	1.826	0.602	6.678	1.813	0.577	79.041	2.94	2.206
Odoribacter splanchnicus	4.9565	2.107	1.2275	6.6615	1.862	0.44	94.132	1.516	0.507
Oenococcus oeni	4.504	2.369	1.255	6.278	1.738	0.379	92.977	1.702	1.232
Oligoflexia bacterium	3.873	2.667	2.097	6.413	0	0.471	82.662	3.031	0.898
Opitutaceae bacterium	3.989	2.512	1.903	6.454	1	0.628	92.815	1.076	1.22
Opitutae bacterium	4.35	2.093	1.477	6.377	0.796	0.514	77.794	2.355	1.851
Opitutales bacterium	4.253	2.305	1.653	6.382	1.088	0.585	99.841	2.115	0.34
Orientia tsutsugamushi	4.456	2.085	1.244	6.238	1.9805	0.302	97.635	3.312	0.356
Oryza rufipogon	4.32	2.19	0.845	5.639	2.076	0.433	77.972	1.529	1.891
Oryza sativa	4.48	1.978	0.699	5.619	1.934	0.435	86.966	3.753	0.993
Oscillospiraceae bacterium	4.478	2.004	1.362	6.277	1.234	0.605	77.997	3.576	0.996
Paenibacillus odorifer	5.2745	2.039	1.079	6.844	1.919	0.441	99.395	1.903	0.676
Paenibacillus polymyxa	5.567	1.937	0.699	6.764	2.0615	0.455	99.87	2.834	0.857
Paeniclostridium sordellii	6.094	1.484	0.1505	6.5445	2.337	0.273	95.216	3.706	1.701
Pandoraea apista	5.0265	2.073	1.2425	6.7505	1.041	0.627	99.464	1.956	2.032
Pantoea agglomerans	5.491	1.785	0.699	6.687	2	0.551	80.552	1.071	2.336
Pantoea ananatis	5.637	1.763	0.602	6.687	1.845	0.535	98.87	2.196	0.95
Pantoea brenneri	5.112	2.025	1.041	6.701	2.6625	0.559	80.728	1.417	1.283
Pantoea dispersa	5.3675	1.801	0.845	6.6895	1.866	0.5765	78.331	1.963	0.328
Pantoea stewartii	5.429	1.748	0.845	6.679	1.895	0.537	89.419	2.859	0.376
Parabacteroides distasonis	5.354	1.919	0.903	6.711	2.05	0.452	96.618	3.313	1.733
Parabacteroides goldsteinii	5.103	2.111	1.23	6.83	1.797	0.434	97.054	2.335	1.312
Parabacteroides merdae	5.25	1.826	1	6.666	2	0.453	92.656	1.036	1.84
Pasteurella multocida	5.344	1.505	0.602	6.366	2.528	0.403	78.182	3.432	1.649
Pectobacterium brasiliense	5.607	1.7965	0.602	6.6835	2	0.5205	98.232	3.737	1.253
Pectobacterium carotovorum	5.201	1.869	0.954	6.683	2	0.519	90.437	3.87	0.785
Pectobacterium polaris	5.309	1.747	0.9285	6.686	1.875	0.518	79.512	1.818	1.608
Pediococcus acidilactici	5.2825	1.477	0.602	6.3035	1.69	0.421	87.618	2.163	1.244
Pediococcus pentosaceus	5.476	1.439	0.477	6.262	1.7385	0.372	87.881	3.599	0.604
Pedobacter sp.	4.134	2.53	1.74	6.446	1.301	0.381	90.516	1.602	1.231
Pedosphaera sp.	4.311	2.182	1.633	6.462	1	0.594	81.223	3.804	2.019
Pelagibacteraceae bacterium	4.4155	1.6225	1	5.9685	-1	0.298	92.717	1.352	0.447
Pelagibacterales bacterium	4.482	1.491	0.903	5.886	0.938	0.295	87.335	2.023	1.224
Peptococcaceae bacterium	4.349	2.352	1.556	6.39	1.301	0.461	87.952	2.367	2.136
Phascolarctobacterium faecium	5.302	1.38	0.477	6.388	2.503	0.436	77.957	2.726	2.075
Phocaeicola dorei	5.2765	1.932	1.0205	6.7365	2.0135	0.419	79.806	3.051	1.414
Phocaeicola vulgatus	5.1	2	1.114	6.719	2.128	0.424	87.806	1.378	0.619
Photobacterium angustum	5.324	1.7595	0.778	6.686	2	0.396	92.93	1.9	0.768
Photobacterium damselae	4.9995	2.0915	1.145	6.648	1.9235	0.407	94.266	3.778	1.09
Photobacterium kishitanii	5.237	1.934	0.8995	6.7075	1.98	0.388	80.446	2.151	0.884
Photobacterium leiognathi	5.346	1.813	0.903	6.665	1.944	0.411	92.952	1.33	1.615
Photobacterium phosphoreum	5.104	1.985	1.0965	6.6595	1.866	0.395	84.716	1.369	1.166
Photorhabdus luminescens	4.811	2.449	1.431	6.7325	1.653	0.425	78.23	3.405	1.677
Phycisphaeraceae bacterium	3.9535	2.591	2.006	6.4915	1	0.616	89.189	3.354	0.554
Phycisphaerae bacterium	4.3865	2.3595	1.6765	6.4495	0.9535	0.613	80.075	2.483	2.196
Phycisphaerales bacterium	4.22	2.419	1.7815	6.4325	1.0125	0.6085	80.001	2.061	1.542
Piscirickettsia salmonis	4.14	2.556	1.771	6.482	3.159	0.396	82.962	1.524	1.209
Planctomyces sp.	4.237	2.5995	2.002	6.689	1	0.594	82.278	2.396	1.543
Planctomycetaceae bacterium	4.151	2.544	1.944	6.58	0.856	0.6	92.529	3.803	0.735
Planctomycetales bacterium	4.046	2.42	1.813	6.469	1.147	0.646	85.711	3.128	1.802
Planctomycetes bacterium	4.041	2.34	1.74	6.463	1	0.601	98.935	1.373	1.461
Planctomycetia bacterium	4.062	2.3645	1.744	6.3935	1	0.6355	94.296	2.784	1.361
Plasmodium falciparum	4.898	3.1985	1.962	7.474	1.1425	0.199	78.717	3.58	1.829
Plesiomonas shigelloides	4.979	1.991	1.146	6.575	2	0.517	96.966	3.202	1.075
Pluralibacter gergoviae	5.258	1.996	0.954	6.744	2	0.589	78.708	2.679	0.975
Polaromonas sp.	4.061	2.579	1.959	6.537	1.301	0.597	97.19	2.402	0.454
Porphyrobacter donghaensis	4.4575	2.526	1.652	6.589	0.699	0.6675	83.594	3.648	1.368
Porphyromonas gingivalis	4.6995	2.088	1.19	6.365	1.447	0.4845	86.841	1.013	2.22
Porticoccaceae bacterium	4.485	1.898	1.23	6.27	-1	0.429	89.305	3.818	1.655
Prevotella copri	4.881	2.043	1.176	6.5525	1.9845	0.449	94.113	2.598	2.035
Prevotella intermedia	4.999	2.1	0.954	6.429	1.23	0.434	89.816	2.485	1.97
Prevotella sp.	4.431	2.188	1.491	6.381	1.699	0.477	94.081	2.633	2.07
Prochlorococcus marinus	5.367	1.279	0.477	6.23	2.301	0.314	81.141	3.05	1.367
Propionibacteriaceae bacterium	4.033	2.386	1.765	6.3175	1.3315	0.617	89.658	1.77	1.454
Propionibacterium sp.	4.0795	2.476	1.785	6.456	1.9935	0.6645	98.822	3.876	0.8
Proteobacteria bacterium	3.9275	2.4495	1.785	6.375	1	0.5515	92.804	1.624	1.273
Proteus mirabilis	5.182	2.121	1	6.603	2	0.389	87.857	3.897	1.982
Providencia alcalifaciens	5.4035	1.6125	0.778	6.6085	1.9265	0.418	96.75	3.335	1.475
Providencia rettgeri	5.2655	1.987	0.9515	6.665	1.602	0.403	89.681	3.625	2.255
Providencia stuartii	5.282	1.924	0.903	6.65	1.792	0.414	89.033	3.299	2.149
Pseudoalteromonas luteoviolacea	5.1705	2.167	1.161	6.7755	2	0.42	93.159	1.335	1.129
Pseudoalteromonas piscicida	5.0145	2.386	1.255	6.731	2.095	0.434	89.894	3.167	0.55
Pseudoalteromonas ruthenica	5.322	2.279	0.845	6.612	2.215	0.474	78.876	3.47	2.103
Pseudoalteromonas sp.	4.543	2.111	1.531	6.577	-1	0.404	90.889	1.947	1.038
Pseudomonadales bacterium	4.3355	2.344	1.602	6.497	0.794	0.6065	88.297	3.705	1.06
Pseudomonas aeruginosa	5.318	2.021	1.041	6.82	1.748	0.662	84.999	1.54	1.14
Pseudomonas amygdali	4.92	2.42	1.342	6.795	2	0.581	93.456	1.386	1.006
Pseudomonas asiatica	5.522	1.763	0.778	6.775	0	0.625	80.536	3.354	0.495
Pseudomonas avellanae	4.4915	2.616	1.761	6.7735	2.152	0.588	98.264	3.162	0.315
Pseudomonas chlororaphis	5.646	1.5245	0.7385	6.8345	1.8345	0.6285	81.388	3.863	2.327
Pseudomonas fluorescens	5.472	1.851	0.903	6.796	1.973	0.602	88.332	2.299	1.157
Pseudomonas fragi	5.618	1.5965	0.7385	6.7135	1.954	0.592	92.455	3.547	1.568
Pseudomonas helleri	4.817	2.502	1.477	6.774	2.344	0.579	99.899	3.388	1.701
Pseudomonas koreensis	5.49	1.833	0.845	6.785	2	0.602	78.373	2.567	0.437
Pseudomonas lactis	5.4345	1.767	0.9285	6.8235	1.8615	0.599	95.719	2.119	1.479
Pseudomonas lundensis	5.328	1.851	0.954	6.7	1.874	0.586	80.889	3.142	1.944
Pseudomonas lurida	5.438	1.716	0.778	6.783	1.924	0.609	92.229	2.228	2.287
Pseudomonas mendocina	5.5135	1.566	0.8405	6.7085	1.477	0.6245	92.657	1.905	0.676
Pseudomonas monteilii	5.214	2.104	1.079	6.781	1.799	0.618	99.002	1.923	2.271
Pseudomonas nitroreducens	5.523	1.861	0.8115	6.8285	1.8775	0.6445	94.496	1.211	0.868
Pseudomonas oleovorans	5.018	2.037	1.204	6.688	2	0.622	95.159	1.566	0.378
Pseudomonas protegens	5.861	1.431	0.602	6.843	1.716	0.633	85.626	3.501	2.159
Pseudomonas proteolytica	5.164	1.929	1.146	6.803	1.826	0.604	93.64	1.654	1.403
Pseudomonas psychrotolerans	5.111	2.114	1.146	6.722	2.053	0.649	78.237	3.079	1.35
Pseudomonas putida	5.1145	2.0825	1.217	6.784	1.789	0.62	86.144	2.181	1.365
Pseudomonas sp.	4.223	2.33	1.633	6.608	0.929	0.621	96.76	3.166	0.658
Pseudomonas stutzeri	5.393	1.74	0.778	6.664	2	0.6335	77.865	1.859	0.629
Pseudomonas syringae	4.718	2.468	1.556	6.787	1.973	0.588	88.118	3.797	0.801
Pseudomonas veronii	5.207	2.061	1.146	6.853	2.053	0.607	79.862	2.189	1.612
Pseudomonas viridiflava	5.559	1.792	0.778	6.777	1.699	0.593	94.905	2.994	0.607
Puccinia striiformis	3.6545	4.5495	3.6065	7.8255	1.7955	0.444	85.494	2.394	2.328
Puccinia triticina	3.652	4.699	3.738	7.978	1.903	0.467	92.667	2.161	0.471
Puniceicoccaceae bacterium	4.417	1.863	1.342	6.226	1.079	0.499	84.197	3.542	2.165
Pyricularia oryzae	4.069	3.847	2.959	7.574	1.875	0.5115	85.243	2.043	1.697
Pyrinomonadaceae bacterium	3.848	2.7975	2.1925	6.576	1.1475	0.551	94.633	1.215	1.573
Ralstonia pickettii	5.426	1.6175	0.903	6.735	2.293	0.637	86.692	1.669	0.87
Ralstonia solanacearum	4.761	2.276	1.447	6.735	2.117	0.667	95.761	3.092	0.815
Raoultella ornithinolytica	5.4145	1.8865	0.903	6.754	2.0775	0.556	82.78	1.239	1.516
Raoultella planticola	5.397	1.74	0.845	6.762	2	0.555	87.494	1.8	1.179
Raoultella terrigena	5.531	1.903	0.845	6.753	1.86	0.578	91.415	2.341	0.386
Rhizobiales bacterium	5.366	1.74	0.903	6.711	2.477	0.594	85.578	1.149	2.299
Rhizobium laguerreae	5.414	1.799	0.954	6.854	1.477	0.608	84.704	2.702	2.212
Rhizobium leguminosarum	5.457	1.94	0.954	6.879	1.477	0.607	84.926	1.449	1.529
Rhodanobacter sp.	4.745	2.134	1.255	6.548	-1	0.65	84.148	1.065	1.816
Rhodobacteraceae bacterium	4.1135	2.4425	1.792	6.4055	1.171	0.598	96.772	2.958	0.364
Rhodobacterales bacterium	4.13	2.19	1.672	6.398	0.875	0.602	96.631	2.881	1.099
Rhodobiaceae bacterium	4.604	1.653	1.079	6.165	-1	0.358	82.54	3.62	1.666
Rhodococcus erythropolis	5.351	2.083	0.954	6.823	1.924	0.624	77.937	2.424	0.435
Rhodococcus hoagii	5.628	1.613	0.602	6.716	2.079	0.688	83.399	1.616	1.26
Rhodococcus rhodochrous	4.9115	2.3015	1.332	6.789	1.932	0.684	78.961	1.09	1.898
Rhodocyclaceae bacterium	4.386	2.2595	1.545	6.479	1.6945	0.6285	88.091	2.015	0.517
Rhodoferax sp.	4.1495	2.466	1.785	6.505	1.3115	0.606	89.542	3.709	0.551
Rhodopirellula sp.	4.555	2.283	1.643	6.689	-1	0.518	79.028	2.821	1.908
Rhodospirillaceae bacterium	4.453	1.898	1.301	6.343	-1	0.508	89.606	1.144	1.967
Rhodospirillales bacterium	3.872	2.517	1.964	6.49	1	0.617	92.001	3.645	1.112
Rhodotorula mucilaginosa	5.412	2.497	1.38	7.303	1.87	0.605	81.528	1.892	1.095
Rickettsiales bacterium	4.3335	1.8025	1.29	6.093	-1	0.305	80.297	1.227	0.743
Riemerella anatipestifer	5.343	1.5235	0.477	6.3315	2.663	0.35	98.358	1.068	1.434
Rikenellaceae bacterium	4.424	2.13	1.38	6.329	1.279	0.511	88.112	3.471	0.552
Rodentibacter pneumotropicus	4.6285	2.0755	1.279	6.367	1.672	0.4	79.033	2.511	1.475
Roseibacillus sp.	4.705	1.978	1.415	6.565	-1	0.549	94.179	1.602	0.656
Roseobacter sp.	4.701	1.939	1.296	6.5365	-1	0.6	82.145	1.447	2.116
Roseovarius sp.	4.944	2.058	1.0775	6.468	0.018	0.632	90.341	1.154	1.27
Rothia kristinae	4.362	2.243	1.491	6.355	2.199	0.718	92.11	1.948	1.891
Rubrobacter sp.	3.854	2.605	2.124	6.45	1.601	0.634	93.855	2.465	2.208
Ruegeria arenilitoris	5.7905	1.161	0.301	6.5815	2.301	0.614	96.114	1.758	0.759
Ruegeria atlantica	5.4965	1.573	0.6505	6.6435	2.301	0.5705	85.044	3.151	1.617
Ruegeria conchae	5.561	1.491	0.602	6.644	2.301	0.571	81.438	2.15	2.06
Ruminiclostridium sp.	4.523	2.0815	1.3685	6.412	1.3135	0.4495	85.904	1.034	1.343
Ruminococcaceae bacterium	4.251	2.196	1.531	6.307	1.477	0.499	89.442	2.89	1.125
Ruminococcus bromii	4.799	1.869	1.0775	6.328	1.8325	0.41	93.65	1.863	2.33
Ruminococcus faecis	4.741	2.041	1.279	6.512	1.881	0.408	95.654	1.085	0.929
Ruminococcus flavefaciens	4.23	2.325	1.703	6.42	1.477	0.467	94.701	3.641	1.082
Ruminococcus gnavus	4.93	2.173	1.114	6.563	2	0.427	96.417	2.434	1.91
Ruminococcus sp.	4.367	2.173	1.4695	6.3295	1.1385	0.442	96.656	1.884	1.417
Saccharomyces cerevisiae	5.046	2.508	1.531	7.064	1.954	0.382	81.408	1.18	1.24
Saccharomyces pastorianus	4.9385	2.942	1.7735	7.3445	1.748	0.3915	90.631	3.763	0.878
Salmonella bongori	5.282	1.763	0.903	6.667	1.954	0.513	78.936	1.319	2.299
Salmonella enterica	5.288	1.771	0.903	6.678	1.919	0.521	84.223	1.263	1.596
Saprospiraceae bacterium	3.98	2.667	2.064	6.497	1.014	0.41	91.899	2.796	0.848
Saprospirales bacterium	4.2755	2.3795	1.6645	6.4895	1.132	0.4335	90.046	2.575	1.733
Serratia fonticola	5.262	1.916	1.041	6.759	2	0.5365	88.855	1.265	0.849
Serratia marcescens	5.294	2.158	1	6.72	1.968	0.595	89.358	3.713	0.626
Serratia symbiotica	4.792	2.0535	1.2005	6.3675	1.868	0.5165	87.478	2.73	0.505
Shewanella algae	4.983	2.033	1.204	6.687	2.353	0.53	98.22	1.245	1.971
Shigella boydii	4.302	2.626	1.826	6.637	2	0.508	96.403	3.393	1.488
Shigella dysenteriae	4.291	2.648	1.826	6.638	2	0.508	81.95	2.388	1.013
Shigella flexneri	4.461	2.563	1.672	6.648	1.978	0.505	85.323	2.199	0.572
Shigella sonnei	4.378	2.618	1.763	6.663	1.987	0.508	80.996	3.034	0.382
Sinorhizobium fredii	4.591	2.5485	1.7075	6.834	2.1845	0.622	79.549	2.907	1.031
Sinorhizobium medicae	5.036	2.19	1.255	6.822	0.941	0.612	77.718	2.667	2.141
Sinorhizobium meliloti	4.823	2.319	1.505	6.837	0.9345	0.621	97.61	1.992	1.665
Snodgrassella alvi	4.901	1.875	1	6.3895	1.4545	0.413	89.681	2.384	1.566
Solirubrobacterales bacterium	3.616	2.611	2.1415	6.329	1.0045	0.7095	84.335	2.282	0.702
Sphingobacteriia bacterium	4.24	2.4755	1.7705	6.369	0.8375	0.392	83.421	3.716	0.559
Sphingobium sp.	4.775	2.097	1.23	6.492	-1	0.634	87.227	1.248	0.741
Sphingomonadaceae bacterium	4.1185	2.417	1.732	6.393	0.542	0.632	90.692	3.363	0.438
Sphingomonadales bacterium	3.723	2.4905	1.929	6.3505	1	0.652	81.176	3.242	1.612
Sphingomonas koreensis	5.391	1.69	0.845	6.6865	1.914	0.66	80.255	2.475	2.338
Sphingomonas sp.	4.3415	2.281	1.5575	6.3835	0.9895	0.652	99.615	2.422	0.718
Spirochaetaceae bacterium	3.9925	2.5655	1.937	6.492	1.0365	0.593	83.917	2.487	1.814
Spirochaetales bacterium	3.966	2.558	1.886	6.422	1.307	0.557	82.819	3.14	0.716
Spirochaetes bacterium	3.9635	2.577	1.956	6.3905	1.258	0.4275	79.299	2.462	0.703
Spirochaetia bacterium	3.994	2.462	1.74	6.386	1.079	0.449	96.811	3.813	0.912
Spraguea lophii	3.7155	3.5815	2.4925	6.8835	2.0085	0.23	96.759	1.393	0.413
Staphylococcus agnetis	4.916	1.866	1	6.3885	1.7455	0.357	81.644	2.969	1.513
Staphylococcus argenteus	5.833	1.3115	0.301	6.445	2	0.323	99.678	2.796	1.743
Staphylococcus arlettae	4.686	2.199	1.204	6.416	1.613	0.334	98.532	2.94	2.024
Staphylococcus aureus	5.24	1.681	0.699	6.451	2	0.327	88.095	3.312	1.547
Staphylococcus capitis	5.196	1.914	0.699	6.394	1.892	0.329	97.94	1.314	2.096
Staphylococcus chromogenes	4.926	1.857	0.954	6.364	1.653	0.367	79.135	1.623	1.596
Staphylococcus cohnii	4.61	2.121	1.255	6.422	1.643	0.325	92.866	2.564	1.717
Staphylococcus delphini	5.269	1.633	0.7385	6.4085	2.1155	0.383	86.231	1.822	2.156
Staphylococcus epidermidis	4.974	1.908	0.954	6.395	1.991	0.32	81.796	2.507	0.487
Staphylococcus equorum	4.696	2.1655	1.2425	6.4415	1.648	0.33	87.671	2.554	0.76
Staphylococcus felis	4.484	2.26	1.477	6.379	1.949	0.349	95.51	2.25	0.411
Staphylococcus gallinarum	4.4575	2.41	1.4835	6.4675	1.58	0.331	96.919	3.088	1.899
Staphylococcus haemolyticus	4.859	1.987	1.041	6.397	2.013	0.327	96.337	1.648	0.769
Staphylococcus hominis	5.0535	1.703	0.778	6.351	1.9415	0.314	87.028	3.017	0.736
Staphylococcus pasteuri	4.688	2.031	1.217	6.404	1.6505	0.315	97.996	1.671	1.754
Staphylococcus pseudintermedius	5.097	1.908	0.903	6.425	2	0.374	79.062	1.998	2.106
Staphylococcus saprophyticus	5.781	1.477	0.301	6.42	2	0.33	96.315	3.82	2.149
Staphylococcus schleiferi	5.169	1.748	0.845	6.392	2.267	0.359	85.386	1.135	0.534
Staphylococcus sciuri	4.643	2.2305	1.29	6.442	1.653	0.325	80.568	1.083	0.405
Staphylococcus simulans	4.933	1.973	1.041	6.422	1.568	0.36	84.931	2.91	2.232
Staphylococcus succinus	4.509	2.326	1.447	6.442	1.602	0.329	98.013	3.887	1.025
Staphylococcus warneri	4.832	2.004	1.114	6.406	1.643	0.326	85.605	3.683	0.31
Staphylococcus xylosus	4.6665	2.1715	1.29	6.4535	1.618	0.327	83.892	3.236	0.32
Stenotrophomonas maltophilia	4.763	2.238	1.431	6.684	1.987	0.664	91.128	2.025	1.432
Streptococcus agalactiae	5.014	1.623	0.845	6.321	2	0.354	79.891	2.204	1.461
Streptococcus anginosus	5.0665	1.628	0.778	6.292	1.791	0.3875	97.468	2.628	0.507
Streptococcus canis	5.3435	1.4405	0.5395	6.338	2	0.396	92.633	2.21	0.512
Streptococcus cristatus	5.162	1.681	0.699	6.315	1.851	0.425	97.456	1.073	0.653
Streptococcus dysgalactiae	4.871	1.82	1	6.333	1.943	0.393	82.461	1.193	0.606
Streptococcus equi	4.642	1.898	1.23	6.328	2	0.412	89.311	2.585	0.608
Streptococcus equinus	5.7585	1.159	0.301	6.2785	2.6105	0.3735	87.374	1.947	1.2
Streptococcus gordonii	5.375	1.439	0.602	6.341	2	0.405	82.68	1.23	1.176
Streptococcus halichoeri	4.896	1.6575	0.903	6.301	2.025	0.415	90.097	3.739	0.988
Streptococcus iniae	4.669	1.934	1.146	6.3	2.1	0.365	91.414	2.479	0.558
Streptococcus intermedius	5.466	1.255	0.477	6.288	1.462	0.376	88.955	1.995	2.026
Streptococcus mitis	5.15	1.591	0.699	6.301	1.69	0.4	93.6	1.902	2.118
Streptococcus mutans	4.704	1.991	1.146	6.294	1.771	0.368	84.545	2.495	0.817
Streptococcus oralis	5.413	1.4545	0.389	6.2915	1.676	0.411	94.746	3.739	1.461
Streptococcus parasanguinis	5.407	1.342	0.477	6.325	2	0.42	96.872	1.414	1.159
Streptococcus parauberis	5.4975	1.161	0.477	6.3095	1.757	0.355	81.61	1.534	1.602
Streptococcus pneumoniae	4.924	1.699	0.903	6.318	2	0.396	88.209	3.624	2.139
Streptococcus pseudopneumoniae	4.668	2.064	1.176	6.338	2	0.398	82.796	2.453	0.77
Streptococcus pyogenes	5.3025	1.301	0.602	6.253	2	0.384	93.955	2.865	0.316
Streptococcus salivarius	5.175	1.672	0.778	6.337	1.93	0.398	79.716	3.46	1.047
Streptococcus sanguinis	5.4435	1.5295	0.602	6.374	1.813	0.431	93.856	2.846	0.443
Streptococcus sobrinus	4.03	2.555	1.785	6.322	1.779	0.435	86.823	1.235	1.269
Streptococcus suis	4.967	1.748	0.903	6.327	1.699	0.412	83.037	1.149	2.012
Streptococcus thermophilus	4.815	1.813	0.954	6.253	1.992	0.389	86.74	3.251	1.305
Streptococcus uberis	5.342	1.462	0.477	6.2845	2.2855	0.364	86.233	3.58	1.25
Streptomyces albidoflavus	5.426	1.82	0.954	6.849	2.176	0.734	94.165	2.058	1.333
Streptomyces griseus	5.33	2.104	1.041	6.905	2.31	0.726	93.384	2.324	1.493
Streptomyces lunaelactis	4.473	2.713	1.929	6.901	1.519	0.698	89.335	3.054	0.999
Streptomyces rimosus	5.0365	2.3615	1.4145	6.978	2.135	0.719	87.067	1.567	0.342
Streptomyces scabiei	4.097	3.138	2.318	6.993	2	0.712	77.962	3.256	2.3
Streptomyces sp.	3.86	3.05	2.488	6.923	1.6885	0.711	87.392	2.275	0.46
Subdoligranulum sp.	4.2765	2.264	1.623	6.376	1.5375	0.588	92.084	1.327	0.646
Sulfolobus acidocaldarius	5.6725	0.9285	0.301	6.3465	1.9905	0.367	78.02	1.815	1.25
Sulfurimonas sp.	4.431	1.924	1.204	6.282	0	0.343	93.527	1.579	0.311
Sulfurovum sp.	3.932	2.307	1.785	6.199	0	0.363	88.526	2.152	1.331
Sutterella wadsworthensis	4.9175	1.842	1.041	6.458	1.892	0.552	79.64	3.56	0.541
Synechococcus lacustris	5.084	1.568	0.845	6.387	0	0.619	93.181	2.092	0.941
Synergistaceae bacterium	3.908	2.4145	1.8345	6.239	2.5225	0.5395	99.225	3.092	2.278
Syntrophaceae bacterium	4.382	2.4185	1.763	6.536	1.5405	0.4965	90.373	1.88	1.114
Syntrophomonadaceae bacterium	4.005	2.408	1.756	6.277	1.442	0.465	82.99	1.495	0.692
Tenacibaculum maritimum	5.065	1.968	1.041	6.524	1.929	0.318	90.614	1.747	1.454
Tetragenococcus halophilus	4.5615	2.431	1.342	6.3865	2.4585	0.357	99.896	1.19	0.407
Thaumarchaeota archaeon	4.243	1.994	1.3215	6.0405	1.176	0.357	95.073	3.447	0.539
Thermococci archaeon	3.7335	2.416	1.913	6.1325	1.5505	0.4115	78.174	1.586	1.575
Thermofilum sp.	3.8055	2.293	1.7075	6.015	1.105	0.5475	83.679	2.01	0.35
Thermoflexales bacterium	3.908	2.74	2.146	6.525	1.078	0.617	92.048	2.33	1.681
Thermoleophilaceae bacterium	3.716	2.584	2.045	6.259	1.28	0.706	89.099	2.366	2.222
Thermoleophilia bacterium	4.101	2.237	1.638	6.2565	1.052	0.682	85.471	3.083	1.733
Thermoplasmata archaeon	3.7605	2.335	1.8025	6.143	1.4285	0.4325	92.231	2.716	2.27
Thermoplasmatales archaeon	3.595	2.326	1.851	5.946	0.951	0.41	81.486	2.4	0.613
Thermoprotei archaeon	3.779	2.389	1.799	6.1445	1.5895	0.425	98.954	2.497	1.522
Thermus scotoductus	4.091	2.6	1.748	6.364	1.748	0.651	85.223	2.04	1.3
Thioalkalivibrio sp.	3.913	2.512	1.919	6.332	1.514	0.656	81.443	1.431	1.773
Thiotrichales bacterium	4.01	2.431	1.771	6.222	0.961	0.483	82.924	2.64	0.428
Tissierellia bacterium	4.208	2.32	1.58	6.285	2.413	0.348	98.036	1.716	0.527
Toxoplasma gondii	4.551	3.794	2.675	7.797	1.499	0.524	98.137	1.938	0.878
Treponema sp.	4.352	2.255	1.544	6.342	1.732	0.44	78.084	1.949	0.68
Triticum aestivum	3.066	5.446	4.268	8.641	0.763	0.457	81.446	1.838	2.063
Tropheryma whipplei	4.934	2.146	0.602	5.9455	-1	0.464	90.19	3.467	1.704
Trueperaceae bacterium	3.8305	2.6255	2.047	6.438	1.4775	0.7065	87.857	2.137	1.215
Trypanosoma cruzi	3.71	3.992	3.053	7.437	1.792	0.5015	95.836	2.925	1.942
Turicibacter sanguinis	4.974	1.845	1.041	6.482	1.885	0.341	97.177	3.849	1.582
Ureaplasma urealyticum	5.477	1.079	0.301	5.934	-1	0.259	96.114	3.656	0.416
Variovorax paradoxus	4.76	2.511	1.716	6.928	1.462	0.689	84.428	1.25	1.175
Variovorax sp.	4.0175	2.741	1.9285	6.6025	1.0775	0.6705	98.315	1.334	1.373
Veillonellaceae bacterium	4.661	2.0725	1.2525	6.3935	1.372	0.455	88.765	1.054	1.093
Verrucomicrobia bacterium	4.005	2.53	1.845	6.4	1.086	0.586	96.966	1.175	0.326
Verrucomicrobiaceae bacterium	4.211	2.288	1.756	6.5	1	0.562	99.439	3.055	1.98
Verrucomicrobiales bacterium	4.227	2.267	1.716	6.4275	1	0.5745	85.849	1.256	1.863
Vibrio aestuarianus	4.982	2.061	1.204	6.622	1.699	0.427	94.839	3.254	0.693
Vibrio alginolyticus	5.415	1.934	0.845	6.715	2	0.446	95.624	1.522	2.111
Vibrio campbellii	4.341	2.702	1.892	6.724	1.699	0.455	81.898	1.168	1.453
Vibrio cholerae	5.251	2.064	0.903	6.603	2	0.475	79.455	3.134	0.449
Vibrio coralliilyticus	5.3825	1.806	0.845	6.7445	1.699	0.457	92.127	3.283	1.121
Vibrio crassostreae	5.361	1.877	0.845	6.7125	2.414	0.443	79.166	1.258	1.193
Vibrio cyclitrophicus	5.401	1.968	0.845	6.703	1.699	0.436	85.653	1.224	2.016
Vibrio diabolicus	5.526	1.949	0.778	6.708	1.477	0.448	97.402	2.357	1.69
Vibrio fluvialis	5.373	1.792	0.903	6.677	2	0.5	78.025	3.615	0.58
Vibrio harveyi	4.9675	2.1505	1.301	6.7665	1.699	0.449	84.403	2.413	1.773
Vibrio mediterranei	5.212	1.949	1.041	6.753	1.079	0.441	81.624	1.056	0.689
Vibrio metoecus	5.2965	1.897	0.8115	6.6005	2.431	0.469	79.687	1.026	1.739
Vibrio mimicus	5.2225	1.98	0.9225	6.637	1.389	0.4635	84.815	2.97	0.784
Vibrio nigripulchritudo	4.926	2.146	1.322	6.799	-1	0.458	84.154	1.486	0.841
Vibrio parahaemolyticus	5.2865	2.117	0.903	6.707	2	0.453	89.511	1.945	1.184
Vibrio splendidus	5.2465	1.914	1.041	6.732	2.086	0.442	85.386	2.222	1.354
Vibrio tasmaniensis	5.0645	2.0955	1.145	6.7215	1.924	0.439	99.001	2.746	1.417
Vibrio vulnificus	5.268	2.14	0.954	6.695	1.97	0.467	89.691	2.144	0.842
Wallemia ichthyophaga	5.234	2.36	1.322	6.98	2.453	0.454	94.558	2.567	1.177
Wallemia mellicola	5.128	2.362	1.322	6.989	2.483	0.4	90.28	3.172	1.073
Weissella cibaria	5.113	1.778	0.778	6.372	2	0.449	97.33	1.899	1.591
Weissella confusa	5.165	1.663	0.778	6.354	1.633	0.447	94.648	2.246	1.012
Weissella paramesenteroides	5.2825	1.439	0.602	6.299	2.0465	0.379	90.894	1.677	1.611
Wenzhouxiangella sp.	3.979	2.515	1.875	6.392	1.629	0.623	82.007	2.357	1.441
Winogradskyella sp.	4.221	2.279	1.57	6.3975	1.04	0.341	94.924	3.459	0.665
Woeseiaceae bacterium	4.226	2.164	1.519	6.407	1.273	0.575	97.294	1.978	2.135
Wohlfahrtiimonas chitiniclastica	5.667	0.9515	0.301	6.327	2.412	0.437	80.968	2.848	2.154
Wolbachia pipientis	4.14	2.152	1.362	6.065	1.884	0.3495	82.868	1.945	1.138
Xanthomonadaceae bacterium	4.099	2.405	1.732	6.476	1.756	0.656	85.031	1.159	1.714
Xanthomonadales bacterium	4.1635	2.417	1.8265	6.462	0.99	0.628	86.014	1.995	0.344
Xanthomonas arboricola	5.312	1.851	0.954	6.695	2	0.656	88.78	2.608	2.325
Xanthomonas campestris	5.157	1.966	1.06	6.6995	2.1715	0.651	79.669	1.392	0.865
Xanthomonas citri	5.35	2.182	0.954	6.719	2.021	0.647	96.668	2.856	0.83
Xanthomonas euvesicatoria	5.164	2.173	1.146	6.719	1.839	0.646	99.05	3.414	2.024
Xanthomonas fragariae	4.253	2.5975	1.869	6.62	2.027	0.623	83.72	3.873	1.593
Xanthomonas hortorum	5.1	2.093	1.114	6.712	2.556	0.637	89.041	2.454	1.443
Xanthomonas oryzae	4.326	2.636	1.799	6.633	2.249	0.639	78.409	3.537	1.237
Xanthomonas perforans	5.066	2.004	1.146	6.718	1.656	0.647	99.105	1.743	0.514
Xanthomonas phaseoli	4.8285	2.211	1.38	6.6945	2.007	0.65	83.677	3.872	0.682
Xanthomonas translucens	4.268	2.4865	1.8295	6.636	2	0.684	93.385	1.582	1.195
Xanthomonas vasicola	5.0985	2.127	1.114	6.684	1.903	0.633	95.248	2.874	1.812
Xanthomonas vesicatoria	5.226	1.884	1.05	6.7235	1.807	0.641	97.43	1.724	1.089
Xylella fastidiosa	5.0145	2.107	0.845	6.402	2.8585	0.518	94.104	2.019	0.83
Yersinia bercovieri	4.7295	2.254	1.3975	6.6285	2.0145	0.494	83.689	1.005	1.708
Yersinia enterocolitica	4.8535	2.132	1.301	6.651	2.076	0.471	83.13	1.571	1.75
Yersinia frederiksenii	5.1295	2.0225	1.0775	6.6845	2.0605	0.476	95.781	2.787	1.606
Yersinia kristensenii	5.068	1.973	1.079	6.65	2	0.475	89.646	1.546	1.553
Yersinia mollaretii	5.21	1.785	0.9285	6.661	2.31	0.491	85.132	2.008	2.098
Yersinia pestis	4.388	2.631	1.771	6.66	1.851	0.475	91.501	1.114	2.132
Yersinia pseudotuberculosis	4.696	2.361	1.4695	6.67	2.0895	0.476	82.453	3.638	1.814
Yersinia ruckeri	5.224	1.892	0.903	6.575	2.114	0.476	87.821	2.567	1.387
Zetaproteobacteria bacterium	4.299	2.0595	1.447	6.266	0.903	0.561	85.33	2.816	1.344
Zymomonas mobilis	5.251	1.505	0.477	6.312	2.286	0.449	93.665	3.577	0.6
